121 5 27
120 5 28
119 5 29
118 5 30
117 5 31
116 5 32
115 5 33
114 5 34
113 5 35
112 5 36
111 5 37
110 5 38
109 5 39
108 5 40
107 5 41
106 5 42
105 5 43
104 5 44
103 5 45
102 5 46
101 5 47
100 5 48
99 5 49
98 5 49
97 5 49
96 5 49
95 5 48
94 5 48
93 5 47
92 5 47
91 5 46
90 5 46
89 5 46
88 5 46
87 5 46
86 5 46
85 5 46
84 5 45
83 5 45
82 5 45
81 5 45
80 5 45
79 5 45
78 5 45
77 5 46
76 5 46
75 5 46
74 5 46
73 5 46
72 5 46
71 5 46
70 5 47
69 5 47
68 5 48
67 5 48
66 5 49
65 5 49
64 5 49
63 5 50
62 5 51
61 5 51
60 5 52
59 5 53
58 5 54
57 5 54
56 5 55
55 5 56
54 5 57
53 5 58
52 5 59
51 5 60
50 5 61
49 5 62
48 5 63
47 5 64
46 5 65
45 5 66
44 5 67
43 5 68
42 5 69
41 5 70
40 5 71
39 5 72
38 5 73
37 5 74
36 5 75
35 5 76
34 5 77
33 5 78
32 5 79
31 5 79
30 5 79
29 5 79
28 5 79
27 5 79
26 5 79
25 5 79
24 5 79
23 5 79
22 5 79
21 5 79
20 5 79
19 5 79
18 5 79
17 5 79
16 5 79
15 5 79
14 5 79
13 5 79
12 5 79
